 174
   156.10242600
   175.11960500
   183.11338800
   187.07203900
   195.08835000
   201.08767500
   201.12407200
   202.12117500
   202.12749400
   229.11904900
   230.11612900
   230.12252800
   266.12569700
   272.16144200
   288.20400200
   298.10431100
   300.15640700
   301.15986100
   316.11499200
   371.19381300
   383.19439100
   397.17317900
   397.19662000
   398.23244800
   399.22590900
   401.20454000
   401.28860400
   402.29202100
   411.18897500
   415.18388300
   416.18701700
   425.70756400
   428.21559700
   429.19950000
   460.25404900
   460.58816600
   475.73950400
   476.27374100
   476.77512300
   482.22642500
   482.26276800
   486.22122000
   487.26609200
   487.76751800
   489.73711000
   494.23781200
   495.77910200
   497.26477800
   500.23715600
   500.27338300
   500.35748200
   501.36068300
   503.26841400
   503.60258100
   504.78456100
   505.28589300
   505.78734600
   510.25783000
   517.27648600
   521.29771700
   521.63192600
   524.28453800
   524.61692100
   524.95163500
   528.26856200
   529.27097300
   530.28790000
   530.62101600
   530.95468600
   531.28633200
   531.29790700
   531.62129700
   531.79422300
   532.29445600
   535.85007700
   535.95577800
   536.18261800
   536.24281800
   536.29142100
   536.62572500
   536.95989700
   537.27997900
   540.30326000
   540.80466100
   541.30603200
   554.25876800
   554.76005800
   565.27517700
   566.27822700
   587.84018400
   588.33735800
   596.84557500
   597.34698700
   597.84837800
   599.30583000
   603.79311700
   610.34545600
   622.29693300
   625.83947800
   629.40075000
   630.40382500
   645.35424800
   645.85030100
   646.34831600
   646.37271500
   646.85159500
   653.87509600
   654.35922700
   654.86083200
   655.36203900
   659.35338800
   660.38714900
   660.88170800
   661.35741900
   661.85809400
   666.88770300
   667.38980900
   667.86119700
   667.88731200
   668.36156600
   668.38618600
   668.86352400
   675.36592800
   675.86922100
   680.87282900
   681.37068600
   681.87074800
   682.37122200
   682.87236900
   683.37404600
   688.87029100
   689.37430700
   689.87775100
   690.37934200
   690.88081400
   691.38223900
   694.31902400
   717.90446900
   721.89029500
   722.39211400
   725.87858900
   726.38000000
   731.91266700
   732.40714400
   736.38984600
   745.39443700
   745.89526900
   746.30771200
   746.39533700
   746.89281900
   747.39405600
   750.35651700
   753.89612100
   754.39947200
   754.90107200
   755.40241700
   757.46009100
   758.46269700
   759.39195900
   759.89357600
   814.48202900
   815.48483400
   879.39974800
   951.54186500
   952.54455300
   978.46913600
  1008.56390100
  1009.56671700
  1079.60179100
  1080.60457800
  1091.55473000
  1107.51264800
  1204.63900200
  1205.64187300
