m/z A	m/z B	Covariance	Partial Cov.	Score	Ranking	intensity A	intensity B	line_id
536.9599800000001	535.95563	8639279.3	8142025.0	181.1445	302	18498.279297	1231.341064	3
401.28898	603.79313	4666969.1	4393455.1	340.37291	61	7515.183105	1081.730591	3
300.15598	654.35913	355823770.0	262187790.0	1054.3404	3	33528.605469	108949.34375	3
599.3059800000001	504.78463	35258126.0	34052411.0	855.57282	10	2404.958496	31507.433594	3
629.40098	489.73713	12210012.0	11947537.0	680.04937	18	6271.913086	1868.962158	3
500.35697999999996	554.25863	12599756.0	12131174.0	509.88637	34	7123.803223	2905.465332	3
415.18397999999996	596.84563	140359140.0	117995480.0	856.04609	9	16149.670898	61967.726563	3
528.26898	540.30313	82621553.0	72492860.0	769.61895	12	5624.222656	81014.875	3
757.4599800000001	425.70763	5494036.1	5480694.2	504.10249	36	3421.105713	750.10376	3
814.48198	397.19662999999997	23986377.0	22596088.0	587.5463	24	21098.802734	2682.680664	3
1008.56398	300.15663	29964863.0	23470978.0	417.0046	45	9142.976563	33528.605469	3
757.4599800000001	622.2969800000001	9890456.1	9814625.0	791.69203	11	3421.105713	1524.513184	0
622.2969800000001	757.4599800000001	9890456.1	9814625.0	791.69203	11	1524.513184	3421.105713	0
565.27498	814.48198	58626208.0	56005207.0	1164.3594	2	7124.077148	21098.802734	0
814.48198	565.27498	58626208.0	56005207.0	1164.3594	2	21098.802734	7124.077148	0
500.35697999999996	879.39998	19982228.0	19730374.0	1001.3959	4	7123.803223	2645.866943	0
879.39998	500.35697999999996	19982228.0	19730374.0	1001.3959	4	2645.866943	7123.803223	0
750.35698	629.40098	15557810.0	15374329.0	938.70762	5	1653.093994	6271.913086	0
629.40098	750.35698	15557810.0	15374329.0	938.70762	5	6271.913086	1653.093994	0
428.21598	951.5419800000001	7178952.0	7105385.0	662.22646	19	1113.214722	4298.900879	0
951.5419800000001	428.21598	7178952.0	7105385.0	662.22646	19	4298.900879	1113.214722	0
371.19397999999995	1008.56398	18755287.0	18322403.0	908.68617	7	2637.109131	9142.976563	0
1008.56398	371.19397999999995	18755287.0	18322403.0	908.68617	7	9142.976563	2637.109131	0
401.28898	978.46898	13326942.0	13038379.0	754.01907	13	7515.183105	2100.085938	0
978.46898	401.28898	13326942.0	13038379.0	754.01907	13	2100.085938	7515.183105	0
1204.63898	175.11998	25244833.0	25084756.0	1273.9226	1	2382.019531	8633.249023	0
175.11998	1204.63898	25244833.0	25084756.0	1273.9226	1	8633.249023	2382.019531	0
288.20398	1091.5549800000001	5934173.9	5893840.8	723.18234	14	3243.247559	1144.434814	0
1091.5549800000001	288.20398	5934173.9	5893840.8	723.18234	14	1144.434814	3243.247559	0
622.2969800000001	757.4599800000001	3024331.3	3002347.8	483.55703	37	1524.513184	906.667358	1
757.4599800000001	622.2969800000001	3024331.3	3002347.8	483.55703	37	906.667358	1524.513184	1
565.27498	814.48198	15602402.0	15085168.0	682.66195	17	7124.077148	5392.56543	1
814.48198	565.27498	15602402.0	15085168.0	682.66195	17	5392.56543	7124.077148	1
951.5419800000001	428.21598	2340900.7	2310743.3	412.89219	47	1306.884277	1113.214722	1
428.21598	951.5419800000001	2340900.7	2310743.3	412.89219	47	1113.214722	1306.884277	1
565.27498	814.48198	11720030.0	11161551.0	533.40997	31	1313.338379	21098.802734	1
814.48198	565.27498	11720030.0	11161551.0	533.40997	31	21098.802734	1313.338379	1
629.40098	750.35698	2905221.3	2867910.8	433.46281	40	1328.932983	1653.093994	1
750.35698	629.40098	2905221.3	2867910.8	433.46281	40	1653.093994	1328.932983	1
879.39998	500.35697999999996	2691619.0	2623094.1	365.89651	54	2645.866943	1174.901367	1
500.35697999999996	879.39998	2691619.0	2623094.1	365.89651	54	1174.901367	2645.866943	1
371.19397999999995	1008.56398	5265128.6	5062264.0	483.27842	38	2637.109131	3074.820557	1
1008.56398	371.19397999999995	5265128.6	5062264.0	483.27842	38	3074.820557	2637.109131	1
401.28898	978.46898	1782232.1	1755304.4	331.41654	64	877.062744	2100.085938	1
978.46898	401.28898	1782232.1	1755304.4	331.41654	64	2100.085938	877.062744	1
175.11998	1204.63898	11635793.0	11443445.0	892.64305	8	8633.249023	1037.281006	1
1204.63898	175.11998	11635793.0	11443445.0	892.64305	8	1037.281006	8633.249023	1
536.9599800000001	536.96013	8639279.3	8142025.0	181.1445	302	1231.341064	18498.279297	2
528.26898	540.30313	16135360.0	14313333.0	349.48618	58	1108.264771	81014.875	2
500.35697999999996	554.25863	5832654.0	5750326.6	381.96776	52	7123.803223	1102.149048	2
599.3059800000001	504.78463	13017136.0	12710676.0	504.8385	35	2404.958496	10414.665039	2
757.4599800000001	425.70763	2321617.4	2317749.6	290.09302	77	906.667358	750.10376	2
415.18397999999996	596.84563	63399831.0	55198319.0	607.5346	22	16149.670898	25816.384766	2
528.26898	540.30313	35356769.0	31223297.0	526.94676	32	5624.222656	29821.267578	2
230.12298	689.8776300000001	349357700.0	53391892.0	128.97352	911	17446.246094	747632.125	2
629.40098	489.73713	2294164.0	2240790.0	305.78531	72	1328.932983	1868.962158	2
300.15598	654.35913	194805700.0	152553350.0	913.39267	6	33528.605469	48794.230469	2
814.48198	397.19662999999997	6746229.0	6471866.2	332.31445	63	5392.56543	2682.680664	2
415.18397999999996	596.84563	21470963.0	18389750.0	395.01794	49	1903.160034	61967.726563	2
300.15598	654.35913	23093398.0	14838616.0	238.1415	119	2384.458984	108949.34375	2
1008.56398	300.15663	11133347.0	8090090.7	252.4677	100	3074.820557	33528.605469	2
645.3539800000001	482.26263	710655.96	660239.24	126.28223	971	1911.971924	798.843811	2
689.3739800000001	460.25413	3258616.7	3219443.9	156.30633	521	3346.073486	1506.11792	2
879.39998	629.40098	2341154.4	2102660.2	155.66575	528	2645.866943	6271.913086	4
629.40098	879.39998	2341154.4	2102660.2	155.66575	528	6271.913086	2645.866943	4
694.31898	814.48198	14738272.0	14129983.0	603.27517	23	1683.645386	21098.802734	4
814.48198	694.31898	14738272.0	14129983.0	603.27517	23	21098.802734	1683.645386	4
500.23697999999996	1008.56398	7213199.7	6870218.2	414.41006	46	1889.202759	9142.976563	4
1008.56398	500.23697999999996	7213199.7	6870218.2	414.41006	46	9142.976563	1889.202759	4
401.28898	1107.51298	6112000.6	5922276.2	535.28676	29	7515.183105	1140.27771	4
1107.51298	401.28898	6112000.6	5922276.2	535.28676	29	1140.27771	7515.183105	4
814.48198	694.31898	3093021.7	2972980.5	302.42569	74	5392.56543	1683.645386	5
694.31898	814.48198	3093021.7	2972980.5	302.42569	74	1683.645386	5392.56543	5
500.23697999999996	1008.56398	2615579.5	2454846.6	263.66543	90	1889.202759	3074.820557	5
1008.56398	500.23697999999996	2615579.5	2454846.6	263.66543	90	3074.820557	1889.202759	5
1080.60498	429.19998	1697502.2	1601039.2	197.49815	208	1535.534546	3445.552979	5
429.19998	1080.60498	1697502.2	1601039.2	197.49815	208	3445.552979	1535.534546	5
1107.51298	401.28898	600326.27	582621.93	172.83284	359	1140.27771	877.062744	5
401.28898	1107.51298	600326.27	582621.93	172.83284	359	877.062744	1140.27771	5
528.26898	540.30313	5808763.1	5065202.4	194.44411	230	1108.264771	29821.267578	6
300.15598	654.35913	38377238.0	30956076.0	419.96469	44	33528.605469	9481.617188	6
528.26898	540.30313	3965593.0	3469036.4	172.40543	366	5624.222656	4290.990234	6
300.15598	654.35913	15693812.0	11968919.0	265.64883	87	2384.458984	48794.230469	6
1008.56398	301.15963	3648335.0	3075845.6	202.09038	193	9142.976563	2384.458984	6
429.19998	540.30313	44225812.0	37867784.0	538.93573	28	3445.552979	81014.875	7
201.08798000000002	654.35913	14937832.0	12864929.0	315.89419	67	1032.938354	108949.34375	7
401.28898	554.25863	9359177.6	8786286.2	422.41763	42	7515.183105	2905.465332	7
316.11498	596.84563	15212923.0	11166266.0	197.28109	214	3013.229492	61967.726563	7
500.23697999999996	504.78463	15315214.0	13897635.0	341.05157	60	1889.202759	31507.433594	7
