m/z A	m/z B	Covariance	Partial Cov.	Score	Ranking	intensity A	intensity B	line_id	i	j	line_offset	matched_offset	line_n_points	is_parental	ffc_index	mz1_A	mz1_B	charge_A	charge_B	envelope_id_A	envelope_id_B	deconvoluted_mz_A	deconvoluted_mz_B	monoisotopic_mass_A	monoisotopic_mass_B	isotope_similarity_A	isotope_similarity_B
536.959897	535.955778	8639279.3	8142025.0	181.1445	302	18498.279297	1231.341064	3	1	2	0.005	0.0	11	True	603	536.959897	1070.904276	1	2	14	36	536.96	1070.904	535.9527	1069.8967	0.9978	
401.288604	603.793117	4666969.1	4393455.1	340.37291	61	7515.183105	1081.730591	3	1	2	0.005	0.0	11	True	120	401.288604	1206.578954	1	2	7	45	401.289	1206.579	400.2817	1205.5717	0.9944	
300.156407	654.359227	355823770.0	262187790.0	1054.3404	3	33528.605469	108949.34375	3	1	2	0.005	0.0	11	True	4	300.156407	1307.711174	1	2	4	46	300.156	1307.711	299.1487	1306.7037	0.9957	0.9643
599.30583	504.784561	35258126.0	34052411.0	855.57282	10	2404.958496	31507.433594	3	1	2	0.005	0.0	11	True	19	599.30583	1008.561842	1	2	16	34	599.306	1008.562	598.2987	1007.5547		0.9807
629.40075	489.73711	12210012.0	11947537.0	680.04937	18	6271.913086	1868.962158	3	1	2	0.005	0.0	11	True	34	629.40075	978.4669399999999	1	2	19	32	629.401	978.467	628.3937	977.4597	0.9902	
500.357482	554.258768	12599756.0	12131174.0	509.88637	34	7123.803223	2905.465332	3	1	2	0.005	0.0	11	True	66	500.357482	1107.510256	1	2	12	41	500.357	1107.51	499.3497	1106.5027	0.9944	0.9819
415.183883	596.845575	140359140.0	117995480.0	856.04609	9	16149.670898	61967.726563	3	1	2	0.005	0.0	11	True	17	415.183883	1192.68387	1	2	8	43	415.184	1192.684	414.1767	1191.6767	0.9933	0.9813
528.268562	540.30326	82621553.0	72492860.0	769.61895	12	5624.222656	81014.875	3	1	2	0.005	0.0	11	True	22	528.268562	1079.59924	1	2	13	38	528.269	1079.599	527.2617	1078.5917	0.9954	0.9725
757.460091	425.707564	5494036.1	5480694.2	504.10249	36	3421.105713	750.10376	3	1	2	0.005	0.0	11	True	71	757.460091	850.407848	1	2	24	27	757.46	850.408	756.4527	849.4007	0.9898	
814.482029	397.19662	23986377.0	22596088.0	587.5463	24	21098.802734	2682.680664	3	1	2	0.005	0.0	11	True	46	814.482029	793.38596	1	2	26	25	814.482	793.386	813.4747	792.3787	0.9831	
1008.563901	300.156407	29964863.0	23470978.0	417.0046	45	9142.976563	33528.605469	3	1	2	0.005	0.0	11	True	88	1008.563901	599.305534	1	2	35	16	1008.564	599.306	1007.5567	598.2987	0.9817	
757.460091	622.296933	9890456.1	9814625.0	791.69203	11	3421.105713	1524.513184	0	1	1	-229.111	-229.112	18	False	21	757.460091	622.296933	1	1	24	18	757.46	622.297	756.4527	621.2897	0.9898	
622.296933	757.460091	9890456.1	9814625.0	791.69203	11	1524.513184	3421.105713	0	1	1	-229.111	-229.112	18	False	20	622.296933	757.460091	1	1	18	24	622.297	757.46	621.2897	756.4527		0.9898
565.275177	814.482029	58626208.0	56005207.0	1164.3594	2	7124.077148	21098.802734	0	1	1	-229.111	-229.112	18	False	2	565.275177	814.482029	1	1	15	26	565.275	814.482	564.2677	813.4747	0.9925	0.9831
814.482029	565.275177	58626208.0	56005207.0	1164.3594	2	21098.802734	7124.077148	0	1	1	-229.111	-229.112	18	False	3	814.482029	565.275177	1	1	26	15	814.482	565.275	813.4747	564.2677	0.9831	0.9925
500.357482	879.399748	19982228.0	19730374.0	1001.3959	4	7123.803223	2645.866943	0	1	1	-229.111	-229.112	18	False	6	500.357482	879.399748	1	1	12	28	500.357	879.4	499.3497	878.3927	0.9944	
879.399748	500.357482	19982228.0	19730374.0	1001.3959	4	2645.866943	7123.803223	0	1	1	-229.111	-229.112	18	False	7	879.399748	500.357482	1	1	28	12	879.4	500.357	878.3927	499.3497		0.9944
750.356517	629.40075	15557810.0	15374329.0	938.70762	5	1653.093994	6271.913086	0	1	1	-229.111	-229.112	18	False	9	750.356517	629.40075	1	1	23	19	750.357	629.401	749.3497	628.3937		0.9902
629.40075	750.356517	15557810.0	15374329.0	938.70762	5	6271.913086	1653.093994	0	1	1	-229.111	-229.112	18	False	8	629.40075	750.356517	1	1	19	23	629.401	750.357	628.3937	749.3497	0.9902	
428.215597	951.541865	7178952.0	7105385.0	662.22646	19	1113.214722	4298.900879	0	1	1	-229.111	-229.112	18	False	37	428.215597	951.541865	1	1	9	30	428.216	951.542	427.2087	950.5347		0.9817
951.541865	428.215597	7178952.0	7105385.0	662.22646	19	4298.900879	1113.214722	0	1	1	-229.111	-229.112	18	False	36	951.541865	428.215597	1	1	30	9	951.542	428.216	950.5347	427.2087	0.9817	
371.193813	1008.563901	18755287.0	18322403.0	908.68617	7	2637.109131	9142.976563	0	1	1	-229.111	-229.112	18	False	13	371.193813	1008.563901	1	1	6	35	371.194	1008.564	370.1867	1007.5567		0.9817
1008.563901	371.193813	18755287.0	18322403.0	908.68617	7	9142.976563	2637.109131	0	1	1	-229.111	-229.112	18	False	12	1008.563901	371.193813	1	1	35	6	1008.564	371.194	1007.5567	370.1867	0.9817	
401.288604	978.469136	13326942.0	13038379.0	754.01907	13	7515.183105	2100.085938	0	1	1	-229.111	-229.112	18	False	25	401.288604	978.469136	1	1	7	33	401.289	978.469	400.2817	977.4617	0.9944	
978.469136	401.288604	13326942.0	13038379.0	754.01907	13	2100.085938	7515.183105	0	1	1	-229.111	-229.112	18	False	24	978.469136	401.288604	1	1	33	7	978.469	401.289	977.4617	400.2817		0.9944
1204.639002	175.119605	25244833.0	25084756.0	1273.9226	1	2382.019531	8633.249023	0	1	1	-229.111	-229.112	18	False	0	1204.639002	175.119605	1	1	44	0	1204.639	175.12	1203.6317	174.1127	0.9829	
175.119605	1204.639002	25244833.0	25084756.0	1273.9226	1	8633.249023	2382.019531	0	1	1	-229.111	-229.112	18	False	1	175.119605	1204.639002	1	1	0	44	175.12	1204.639	174.1127	1203.6317		0.9829
288.204002	1091.55473	5934173.9	5893840.8	723.18234	14	3243.247559	1144.434814	0	1	1	-229.111	-229.112	18	False	27	288.204002	1091.55473	1	1	3	40	288.204	1091.555	287.1967	1090.5477		
1091.55473	288.204002	5934173.9	5893840.8	723.18234	14	1144.434814	3243.247559	0	1	1	-229.111	-229.112	18	False	26	1091.55473	288.204002	1	1	40	3	1091.555	288.204	1090.5477	287.1967		
622.296933	758.462697	3024331.3	3002347.8	483.55703	37	1524.513184	906.667358	1	1	1	-228.109	-228.109	18	False	72	622.296933	758.462697	1	1	18	24	622.297	757.46	621.2897	756.4527		0.9898
758.462697	622.296933	3024331.3	3002347.8	483.55703	37	906.667358	1524.513184	1	1	1	-228.109	-228.109	18	False	73	758.462697	622.296933	1	1	24	18	757.46	622.297	756.4527	621.2897	0.9898	
565.275177	815.484834	15602402.0	15085168.0	682.66195	17	7124.077148	5392.56543	1	1	1	-228.109	-228.109	18	False	33	565.275177	815.484834	1	1	15	26	565.275	814.482	564.2677	813.4747	0.9925	0.9831
815.484834	565.275177	15602402.0	15085168.0	682.66195	17	5392.56543	7124.077148	1	1	1	-228.109	-228.109	18	False	32	815.484834	565.275177	1	1	26	15	814.482	565.275	813.4747	564.2677	0.9831	0.9925
952.544553	428.215597	2340900.7	2310743.3	412.89219	47	1306.884277	1113.214722	1	1	1	-228.109	-228.109	18	False	92	952.544553	428.215597	1	1	30	9	951.542	428.216	950.5347	427.2087	0.9817	
428.215597	952.544553	2340900.7	2310743.3	412.89219	47	1113.214722	1306.884277	1	1	1	-228.109	-228.109	18	False	93	428.215597	952.544553	1	1	9	30	428.216	951.542	427.2087	950.5347		0.9817
566.278227	814.482029	11720030.0	11161551.0	533.40997	31	1313.338379	21098.802734	1	1	1	-228.109	-228.109	18	False	60	566.278227	814.482029	1	1	15	26	565.275	814.482	564.2677	813.4747	0.9925	0.9831
814.482029	566.278227	11720030.0	11161551.0	533.40997	31	21098.802734	1313.338379	1	1	1	-228.109	-228.109	18	False	61	814.482029	566.278227	1	1	26	15	814.482	565.275	813.4747	564.2677	0.9831	0.9925
630.403825	750.356517	2905221.3	2867910.8	433.46281	40	1328.932983	1653.093994	1	1	1	-228.109	-228.109	18	False	78	630.403825	750.356517	1	1	19	23	629.401	750.357	628.3937	749.3497	0.9902	
750.356517	630.403825	2905221.3	2867910.8	433.46281	40	1653.093994	1328.932983	1	1	1	-228.109	-228.109	18	False	79	750.356517	630.403825	1	1	23	19	750.357	629.401	749.3497	628.3937		0.9902
879.399748	501.360683	2691619.0	2623094.1	365.89651	54	2645.866943	1174.901367	1	1	1	-228.109	-228.109	18	False	107	879.399748	501.360683	1	1	28	12	879.4	500.357	878.3927	499.3497		0.9944
501.360683	879.399748	2691619.0	2623094.1	365.89651	54	1174.901367	2645.866943	1	1	1	-228.109	-228.109	18	False	106	501.360683	879.399748	1	1	12	28	500.357	879.4	499.3497	878.3927	0.9944	
371.193813	1009.566717	5265128.6	5062264.0	483.27842	38	2637.109131	3074.820557	1	1	1	-228.109	-228.109	18	False	74	371.193813	1009.566717	1	1	6	35	371.194	1008.564	370.1867	1007.5567		0.9817
1009.566717	371.193813	5265128.6	5062264.0	483.27842	38	3074.820557	2637.109131	1	1	1	-228.109	-228.109	18	False	75	1009.566717	371.193813	1	1	35	6	1008.564	371.194	1007.5567	370.1867	0.9817	
402.292021	978.469136	1782232.1	1755304.4	331.41654	64	877.062744	2100.085938	1	1	1	-228.109	-228.109	18	False	126	402.292021	978.469136	1	1	7	33	401.289	978.469	400.2817	977.4617	0.9944	
978.469136	402.292021	1782232.1	1755304.4	331.41654	64	2100.085938	877.062744	1	1	1	-228.109	-228.109	18	False	127	978.469136	402.292021	1	1	33	7	978.469	401.289	977.4617	400.2817		0.9944
175.119605	1205.641873	11635793.0	11443445.0	892.64305	8	8633.249023	1037.281006	1	1	1	-228.109	-228.109	18	False	15	175.119605	1205.641873	1	1	0	44	175.12	1204.639	174.1127	1203.6317		0.9829
1205.641873	175.119605	11635793.0	11443445.0	892.64305	8	1037.281006	8633.249023	1	1	1	-228.109	-228.109	18	False	14	1205.641873	175.119605	1	1	44	0	1204.639	175.12	1203.6317	174.1127	0.9829	
535.955778	536.959897	8639279.3	8142025.0	181.1445	302	1231.341064	18498.279297	2	1	2	1.01	1.00335	16	False	602	535.955778	1072.9125139999999	1	2	14	37	536.96	1072.913	535.9527	1071.9057	0.9978	
529.270973	540.30326	16135360.0	14313333.0	349.48618	58	1108.264771	81014.875	2	1	2	1.01	1.00335	16	False	115	529.270973	1079.59924	1	2	13	38	528.269	1079.599	527.2617	1078.5917	0.9954	0.9725
500.357482	554.760058	5832654.0	5750326.6	381.96776	52	7123.803223	1102.149048	2	1	2	1.01	1.00335	16	False	103	500.357482	1108.5128359999999	1	2	12	41	500.357	1107.51	499.3497	1106.5027	0.9944	0.9819
599.30583	505.285893	13017136.0	12710676.0	504.8385	35	2404.958496	10414.665039	2	1	2	1.01	1.00335	16	False	68	599.30583	1009.5645059999999	1	2	16	34	599.306	1008.562	598.2987	1007.5547		0.9807
758.462697	425.707564	2321617.4	2317749.6	290.09302	77	906.667358	750.10376	2	1	2	1.01	1.00335	16	False	152	758.462697	850.407848	1	2	24	27	757.46	850.408	756.4527	849.4007	0.9898	
415.183883	597.346987	63399831.0	55198319.0	607.5346	22	16149.670898	25816.384766	2	1	2	1.01	1.00335	16	False	42	415.183883	1193.686694	1	2	8	43	415.184	1192.684	414.1767	1191.6767	0.9933	0.9813
528.268562	540.804661	35356769.0	31223297.0	526.94676	32	5624.222656	29821.267578	2	1	2	1.01	1.00335	16	False	62	528.268562	1080.602042	1	2	13	38	528.269	1079.599	527.2617	1078.5917	0.9954	0.9725
230.122528	689.877751	349357700.0	53391892.0	128.97352	911	17446.246094	747632.125	2	1	2	1.01	1.00335	16	False	1820	230.122528	1378.748222	1	2	2	47	230.123	1378.748	229.1157	1377.7407		
630.403825	489.73711	2294164.0	2240790.0	305.78531	72	1328.932983	1868.962158	2	1	2	1.01	1.00335	16	False	142	630.403825	978.4669399999999	1	2	19	32	629.401	978.467	628.3937	977.4597	0.9902	
300.156407	654.860832	194805700.0	152553350.0	913.39267	6	33528.605469	48794.230469	2	1	2	1.01	1.00335	16	False	10	300.156407	1308.7143839999999	1	2	4	46	300.156	1307.711	299.1487	1306.7037	0.9957	0.9643
815.484834	397.19662	6746229.0	6471866.2	332.31445	63	5392.56543	2682.680664	2	1	2	1.01	1.00335	16	False	125	815.484834	793.38596	1	2	26	25	814.482	793.386	813.4747	792.3787	0.9831	
416.187017	596.845575	21470963.0	18389750.0	395.01794	49	1903.160034	61967.726563	2	1	2	1.01	1.00335	16	False	97	416.187017	1192.68387	1	2	8	43	415.184	1192.684	414.1767	1191.6767	0.9933	0.9813
301.159861	654.359227	23093398.0	14838616.0	238.1415	119	2384.458984	108949.34375	2	1	2	1.01	1.00335	16	False	237	301.159861	1307.711174	1	2	4	46	300.156	1307.711	299.1487	1306.7037	0.9957	0.9643
1009.566717	300.156407	11133347.0	8090090.7	252.4677	100	3074.820557	33528.605469	2	1	2	1.01	1.00335	16	False	199	1009.566717	599.305534	1	2	35	16	1008.564	599.306	1007.5567	598.2987	0.9817	
645.354248	482.262768	710655.96	660239.24	126.28223	971	1911.971924	798.843811	2	1	2	1.01	1.00335	16	False	1941	645.354248	963.518256	1	2	20	31	645.354	963.518	644.3467	962.5107		
689.374307	460.254049	3258616.7	3219443.9	156.30633	521	3346.073486	1506.11792	2	1	2	1.01	1.00335	16	False	1040	689.374307	919.500818	1	2	21	29	689.374	919.501	688.3667	918.4937		
879.399748	629.40075	2341154.4	2102660.2	155.66575	528	2645.866943	6271.913086	4	1	1	-100.068	-100.096	8	False	1055	879.399748	629.40075	1	1	28	19	879.4	629.401	878.3927	628.3937		0.9902
629.40075	879.399748	2341154.4	2102660.2	155.66575	528	6271.913086	2645.866943	4	1	1	-100.068	-100.096	8	False	1054	629.40075	879.399748	1	1	19	28	629.401	879.4	628.3937	878.3927	0.9902	
694.319024	814.482029	14738272.0	14129983.0	603.27517	23	1683.645386	21098.802734	4	1	1	-100.068	-100.096	8	False	45	694.319024	814.482029	1	1	22	26	694.319	814.482	693.3117	813.4747		0.9831
814.482029	694.319024	14738272.0	14129983.0	603.27517	23	21098.802734	1683.645386	4	1	1	-100.068	-100.096	8	False	44	814.482029	694.319024	1	1	26	22	814.482	694.319	813.4747	693.3117	0.9831	
500.237156	1008.563901	7213199.7	6870218.2	414.41006	46	1889.202759	9142.976563	4	1	1	-100.068	-100.096	8	False	91	500.237156	1008.563901	1	1	11	35	500.237	1008.564	499.2297	1007.5567		0.9817
1008.563901	500.237156	7213199.7	6870218.2	414.41006	46	9142.976563	1889.202759	4	1	1	-100.068	-100.096	8	False	90	1008.563901	500.237156	1	1	35	11	1008.564	500.237	1007.5567	499.2297	0.9817	
401.288604	1107.512648	6112000.6	5922276.2	535.28676	29	7515.183105	1140.27771	4	1	1	-100.068	-100.096	8	False	56	401.288604	1107.512648	1	1	7	42	401.289	1107.513	400.2817	1106.5057	0.9944	
1107.512648	401.288604	6112000.6	5922276.2	535.28676	29	1140.27771	7515.183105	4	1	1	-100.068	-100.096	8	False	57	1107.512648	401.288604	1	1	42	7	1107.513	401.289	1106.5057	400.2817		0.9944
815.484834	694.319024	3093021.7	2972980.5	302.42569	74	5392.56543	1683.645386	5	1	1	-99.065	-99.069	8	False	146	815.484834	694.319024	1	1	26	22	814.482	694.319	813.4747	693.3117	0.9831	
694.319024	815.484834	3093021.7	2972980.5	302.42569	74	1683.645386	5392.56543	5	1	1	-99.065	-99.069	8	False	147	694.319024	815.484834	1	1	22	26	694.319	814.482	693.3117	813.4747		0.9831
500.237156	1009.566717	2615579.5	2454846.6	263.66543	90	1889.202759	3074.820557	5	1	1	-99.065	-99.069	8	False	178	500.237156	1009.566717	1	1	11	35	500.237	1008.564	499.2297	1007.5567		0.9817
1009.566717	500.237156	2615579.5	2454846.6	263.66543	90	3074.820557	1889.202759	5	1	1	-99.065	-99.069	8	False	179	1009.566717	500.237156	1	1	35	11	1008.564	500.237	1007.5567	499.2297	0.9817	
1080.604578	429.1995	1697502.2	1601039.2	197.49815	208	1535.534546	3445.552979	5	1	1	-99.065	-99.069	8	False	415	1080.604578	429.1995	1	1	39	10	1080.605	429.2	1079.5977	428.1927		
429.1995	1080.604578	1697502.2	1601039.2	197.49815	208	3445.552979	1535.534546	5	1	1	-99.065	-99.069	8	False	414	429.1995	1080.604578	1	1	10	39	429.2	1080.605	428.1927	1079.5977		
1107.512648	402.292021	600326.27	582621.93	172.83284	359	1140.27771	877.062744	5	1	1	-99.065	-99.069	8	False	716	1107.512648	402.292021	1	1	42	7	1107.513	401.289	1106.5057	400.2817		0.9944
402.292021	1107.512648	600326.27	582621.93	172.83284	359	877.062744	1140.27771	5	1	1	-99.065	-99.069	8	False	717	402.292021	1107.512648	1	1	7	42	401.289	1107.513	400.2817	1106.5057	0.9944	
529.270973	540.804661	5808763.1	5065202.4	194.44411	230	1108.264771	29821.267578	6	1	2	2.013	2.0067	5	False	459	529.270973	1080.602042	1	2	13	38	528.269	1079.599	527.2617	1078.5917	0.9954	0.9725
300.156407	655.362039	38377238.0	30956076.0	419.96469	44	33528.605469	9481.617188	6	1	2	2.013	2.0067	5	False	87	300.156407	1309.716798	1	2	4	46	300.156	1307.711	299.1487	1306.7037	0.9957	0.9643
528.268562	541.306032	3965593.0	3469036.4	172.40543	366	5624.222656	4290.990234	6	1	2	2.013	2.0067	5	False	731	528.268562	1081.6047839999999	1	2	13	38	528.269	1079.599	527.2617	1078.5917	0.9954	0.9725
301.159861	654.860832	15693812.0	11968919.0	265.64883	87	2384.458984	48794.230469	6	1	2	2.013	2.0067	5	False	173	301.159861	1308.7143839999999	1	2	4	46	300.156	1307.711	299.1487	1306.7037	0.9957	0.9643
1008.563901	301.159861	3648335.0	3075845.6	202.09038	193	9142.976563	2384.458984	6	1	2	2.013	2.0067	5	False	384	1008.563901	601.3124419999999	1	2	35	17	1008.564	601.312	1007.5567	600.3047	0.9817	
429.1995	540.30326	44225812.0	37867784.0	538.93573	28	3445.552979	81014.875	7	1	2	-99.063	-99.069	5	False	55	429.1995	1079.59924	1	2	10	38	429.2	1079.599	428.1927	1078.5917		0.9725
201.087675	654.359227	14937832.0	12864929.0	315.89419	67	1032.938354	108949.34375	7	1	2	-99.063	-99.069	5	False	132	201.087675	1307.711174	1	2	1	46	201.088	1307.711	200.0807	1306.7037		0.9643
401.288604	554.258768	9359177.6	8786286.2	422.41763	42	7515.183105	2905.465332	7	1	2	-99.063	-99.069	5	False	83	401.288604	1107.510256	1	2	7	41	401.289	1107.51	400.2817	1106.5027	0.9944	0.9819
316.114992	596.845575	15212923.0	11166266.0	197.28109	214	3013.229492	61967.726563	7	1	2	-99.063	-99.069	5	False	426	316.114992	1192.68387	1	2	5	43	316.115	1192.684	315.1077	1191.6767		0.9813
500.237156	504.784561	15315214.0	13897635.0	341.05157	60	1889.202759	31507.433594	7	1	2	-99.063	-99.069	5	False	118	500.237156	1008.561842	1	2	11	34	500.237	1008.562	499.2297	1007.5547		0.9807
